42833
42016
37762
2355
36838
36474
44446
41470
38193
43864
40313
43134
40820
37846
40082
41110
41914
2624
39229
40717
2522
43652
43178
37823
39201
44815
44875
2271
37756
38350
43607
36278
1366
40491
38299
3188
2349
38421
43639
37468
43130
3258
40338
44199
3179
3266
40252
38731
38011
2644
45031
39972
2678
36955
42455
3407
39435
37178
42731
42554
40095
38962
38415
2340
2985
43698
36535
2598
38100
35990
43131
41492
2252
37152
41436
3013
41327
2267
39920
1382
42552
43226
39052
43568
40596
44731
39609
2649
41375
43931
3213
43733
40350
2509
38634
3024
41559
38053
42742
36103
44899
42182
763
42934
37010
42131
3054
38682
40436
1405
41204
2949
40993
37698
39999
44894
38964
41709
40158
42218
44942
41923
36546
44069
40587
40101
40662
42300
37049
42658
3384
38762
44129
41763
2452
39992
36890
42946
45071
40986
44742
42545
38554
43956
44832
2275
3007
44018
44926
42797
44256
37365
40513
36917
3068
2516
40763
38474
43492
37490
37875
39209
38333
40557
41473
41964
42035
36824
39241
43302
38399
36981
2219
36563
2646
3196
37503
44229
2730
43151
3004
37471
42343
41435
40498
2318
41583
37284
44927
41732
37377
48658
42749
41645
40801
2197
39833
37616
40731
43841
3032
41897
41118
42684
44944
39543
39720
2406
43999
48829
41418
42625
45040
44092
43982
43754
38432
37820
41532
38703
3156
41640
3122
42096
37679
37629
37461
41191
44061
42895
44623
42975
39336
43162
40311
43100
40683
42763
44021
42524
40614
40647
40329
41123
44259
42346
37643
2568
42876
38674
37740
43721
40024
39247
40421
41988
39313
40022
43141
39779
41869
40561
44265
41382
40521
3202
40976
3274
43752
42809
2404
41734
2828
41107
43604
42571
38324
44081
40671
44114
37428
2889
2738
44972
40072
44979
41783
44096
40750
42111
2784
38866
42611
2689
43832
40848
38601
39164
39474
2925
41647
43814
43842
41200
37904
38070
40087
40515
37121
2674
36892
41316
39403
2491
39150
43534
41973
44579
1293
45012
41490
39537
40065
42644
36914
44868
39945
39454
40678
47915
42318
39161
42899
42998
39616
42969
39897
2993
42648
40206
40106
42030
40724
39433
39544
44210
44274
39580
3309
41655
38808
3144
42714
45050
3281
42882
44750
36712
42033
43086
40512
41646
38456
37595
42805
42620
2278
43533
47886
2785
42602
38263
42909
36800
42087
41882
43588
752
43021
40772
40474
39594
41656
44319
3050
37912
44705
3085
38266
42139
43730
41513
44227
43779
3146
42540
43762
38732
44122
41474
38398
39023
41773
40485
43951
41547
45070
38530
40593
43681
37737
44492
42550
43700
2871
40253
2383
37559
39178
37095
37326
41102
40423
40000
37981
40209
3128
2457
37513
40655
43606
39199
3040
44164
37445
2311
38604
42804
41707
42149
44506
40180
37892
3062
44111
42468
42499
39679
38381
41046
42481
42573
36584
43980
40190
3199
36844
44073
43084
42179
40420
3194
41242
38467
44969
42569
44449
42706
37830
40460
44937
37591
42017
41682
3103
43645
38853
44591
41699
1456
39163
42527
40538
37431
41770
43314
43331
39886
38196
41288
39206
38076
40476
42389
40675
43773
42423
39541
3333
42971
42859
2319
41050
44514
42995
43845
2378
44093
40822
43688
3328
42384
2581
36491
43354
40134
43758
43702
2191
40599
36972
42542
37529
41337
38700
43629
2802
44720
37796
42025
41461
38832
44558
2354
39395
37689
38497
41721
36398
40667
40359
38288
2676
39057
45095
1762
2281
42776
40177
36460
37781
2572
37254
3001
45004
38684
42551
756
2250
42220
37814
2820
2769
42616
42877
40740
44057
36690
43796
41737
37827
42325
42794
43790
37346
39536
39400
2954
42968
44620
43945
3066
42821
2228
44025
41558
36877
41432
2872
43471
42350
2620
14525
14912
16671
16636
15256
15393
16805
16291
16102
16180
15317
15891
16158
14599
14653
16111
16972
17043
16176
16581
14802
15343
15653
17220
16963
17211
16051
14880
14459
14740
17267
16350
15722
17551
15093
15852
15449
17092
16250
14798
14788
15609
16644
17295
15810
15640
17343
15179
16119
14549
14707
17139
14428
14559
17042
14606
16268
16916
15065
14265
17398
15620
16536
16448
15187
15414
15766
16225
17372
14783
16811
16838
17168
15705
18129
15771
15613
16495
15554
15657
14964
17105
16101
17559
14303
17314
16888
16150
15557
15822
15127
16139
14718
16037
16253
17198
16521
14526
14452
17156
15288
17375
17228
15336
15367
16678
14641
15642
16512
16744
15728
17080
16992
17883
16958
16657
15767
12492
10989
11041
11273
11297
12467
12785
12747
12482
11324
10873
12394
12524
12517
12143
12802
12083
12675
12774
11338
12800
10912
11593
11568
11547
12234
12442
11139
12493
12784
12681
12673
11592
13022
12499
12457
46561
46959
46855
45416
46751
48184
48006
45576
48814
48317
47093
46026
46559
47952
46730
46595
46784
47159
46984
48015
45984
45879
46886
49184
46596
48865
48370
48141
47225
48606
47101
47567
49130
47759
48984
47107
48739
46311
46157
46817
49092
47236
45375
46421
46450
48528
46769
47623
48126
49026
48559
46666
48752
48052
46040
47568
46765
47362
45336
48174
46938
47786
48268
46332
46958
46669
46200
46799
45796
46482
49206
47719
45977
48513
44822
47319
49139
45851
47339
46759
45382
47873
47099
46953
49218
45196
45785
49162
48207
46954
48901
44823
48254
45257
45820
47163
46605
47853
47659
45175
46743
46834
44756
48299
46225
48073
47745
45816
48839
47228
48143
46868
49091
47096
47127
45454
46201
48405
48495
46187
49149
47582
46432
47634
48705
46557
48781
45681
47670
45755
48652
45986
47161
48413
45941
47025
48733
45284
47675
46829
48887
46553
48130
47312
46491
47293
47045
49073
49185
47612
47554
46767
44820
48284
46358
47091
45000
47166
47730
49246
46655
47186
48259
46467
44825
45876
48853
47516
48843
49146
48214
45838
46262
46869
48635
48178
49020
45381
48622
46021
46498
47017
48617
47561
45646
46105
46001
45679
45202
45697
48042
46944
46299
46942
45287
48842
49100
48694
48479
48712
47317
49088
45647
48100
46203
49093
47857
46735
45789
45142
47515
47285
41081
45963
48358
46833
47297
48075
46994
47808
47925
48714
46316
47197
47985
45821
45947
46962
48125
24835
23025
22610
29992
29998
31694
27817
32948
34349
20270
25289
19396
28506
19553
31127
22289
26024
19774
23279
23846
25467
27008
27031
25022
22979
24285
32182
25058
29382
33135
25070
30010
28004
28319
21746
30941
29364
29291
20191
29911
28405
22747
30401
29457
24156
28600
19660
28451
21346
21844
19712
20098
22797
28718
21523
21424
21691
22317
33814
19734
21989
23200
29164
30410
27921
31425
30314
32973
25940
26206
24219
30667
22011
28662
24392
20377
29491
22969
20826
20189
19258
25562
30110
19021
28205
31877
22903
24836
22372
22380
31305
22256
25895
33995
24063
22783
21921
28785
27126
24718
21590
25330
31100
34654
19649
22394
19353
21923
22823
24413
25979
19167
22611
28438
25060
30706
22741
21988
25586
31165
24955
29806
25921
26345
23277
29393
26416
32348
27956
24172
32939
29152
24849
26496
30709
24482
22535
28898
18827
24161
22178
31295
19343
27552
24557
24852
19387
29665
19499
20779
25182
27030
25286
22276
27816
22113
25853
19679
28770
22412
22259
26114
25552
24756
24418
23158
20380
25011
23985
25926
26404
22940
22869
32100
23014
22939
20033
31108
28533
19610
21415
24613
21014
29386
27991
24916
22497
34685
27855
22246
27588
24915
21203
26546
25871
21309
27037
21254
23883
25855
21859
22640
27228
29673
19456
26124
21671
20184
24168
29769
19692
24627
22631
29426
25604
25916
23943
28950
27758
24788
23557
27945
24479
25240
24704
25464
33002
23983
27940
24744
23608
21649
22163
22571
25167
34856
21195
22919
24178
26168
27551
25557
24373
26503
21788
26448
31576
19497
30956
24665
25753
21300
29670
22655
29477
25409
32752
27241
32871
23701
24542
21037
19743
22580
24188
22912
30003
29355
27286
28715
25018
30935
33048
20983
30990
27163
22786
27482
20482
23695
26626
25964
24428
32787
26241
29996
27673
27394
21936
23534
24369
24590
28696
21542
32295
22833
26541
24995
28089
27105
33061
21730
20108
24450
21413
23798
22188
29062
25706
24230
26332
33999
22824
27041
33969
24794
28826
22572
33041
27200
29496
24222
22331
22853
22444
34018
22843
22451
24503
26059
24202
23486
24721
30162
33978
29202
23096
31072
28386
22219
26137
22509
24483
25405
19451
21412
22377
29157
25040
23815
30726
28588
20057
27318
31101
19271
19796
30876
30823
21373
24703
19756
27208
23119
31178
22529
19787
26454
34605
22462
25980
28938
26156
31502
19514
19505
23185
33656
24501
24560
27468
21290
22373
21842
22629
19786
29343
27493
28683
26439
30030
22873
24910
21344
27633
26173
22857
32989
26304
30817
21070
28305
28197
30967
27920
22883
19149
31766
19230
33189
21237
28387
22594
19823
21468
24124
23203
23884
28975
26228
29447
27691
30878
32889
25249
28813
30889
34689
33322
24979
24150
19393
30994
33987
31034
24595
25218
31114
19247
28612
32050
24331
23149
21127
19838
27027
23129
25993
19152
19891
19084
30065
28928
26333
32991
28876
24824
20025
30306
26660
26938
31924
24739
22278
27159
28220
19537
28088
24866
19402
31493
25720
28874
19851
28776
22242
21614
31294
27716
25942
27351
32835
20341
28104
21740
22397
26136
28754
33007
19372
19342
19500
20094
20220
25923
22481
21992
22917
28630
23187
