45181
46438
46586
47153
47561
49083
49173
49181
45252
45815
45825
46992
47086
47313
48848
49069
49196
45820
45942
46157
47579
47642
47940
48559
48839
46316
46476
46568
47156
47219
46667
48407
48620
48834
49028
45947
46831
48790
49130
46491
47387
48034
48259
48767
45423
46732
47577
47747
47808
45738
46628
47993
48862
45653
46209
48540
48661
45981
47085
47521
47563
48195
47927
47935
48002
45594
46490
47613
48859
45744
48463
49155
47627
49160
47052
47515
48227
46194
46468
44992
45920
47107
47520
49092
47267
48058
48948
45000
45381
47744
45751
48409
47467
48008
48722
48994
45380
47285
48416
46197
47281
47560
45941
46894
47273
45417
48739
45682
46957
48975
46421
49184
48248
48526
45593
49017
48513
46982
48902
45892
46529
46624
48220
45789
49073
46461
48705
45439
47656
41084
46446
47330
46790
49024
47318
48556
46506
47609
47595
47701
48230
49088
47163
49132
46034
46043
48226
48789
46729
47670
45535
48889
46186
46666
45665
45986
46799
47523
46306
47871
46767
48141
48075
46450
48845
46796
48778
47319
46559
47676
48752
48413
47937
48180
44822
47760
45454
48100
46597
48502
45821
49171
47413
46254
47554
45388
46522
46817
48217
47365
47225
46313
48853
46873
48317
49245
47839
48528
47234
48011
45257
47426
47854
45100
48196
48479
47428
45767
46751
46833
48636
46083
49031
48652
45894
46557
45365
46735
48814
47317
48771
45156
48299
47386
46408
46176
47629
47091
48638
49078
45837
47555
45904
45794
47197
46126
46596
48503
47761
47017
46622
48207
48025
47181
49026
45838
45275
48358
48753
46657
46236
49139
48125
49013
46161
45943
49220
45995
48006
46424
48165
47101
48504
48578
48041
47583
45777
49142
46456
46203
47186
46432
46759
45375
48694
46498
46192
48223
48693
45983
47275
45287
48871
47730
49185
45197
48098
46129
47954
47526
45977
41544
47636
49020
48388
46819
45984
47953
48495
49292
46800
47232
46013
46765
44823
46958
48843
49039
46220
45831
44748
48714
45444
45258
48768
48197
48984
46021
49093
48174
47745
46808
48377
48284
45800
48130
47734
46108
47329
47166
47039
45142
46895
47972
46605
46730
45182
47028
46668
48875
46768
48849
45963
47236
48725
47312
49010
48601
45336
48392
44820
49162
45105
46059
48872
47900
46984
47722
47847
45907
48733
48042
46311
48851
46869
45619
47255
49216
45748
45909
46779
45851
46944
49086
47958
46323
48126
48418
45411
47516
46883
46090
47177
46041
46852
47759
46578
47338
46483
45416
47564
46033
46358
48625
47786
45774
46048
48622
48996
45816
47496
45681
45338
46828
49156
48266
45519
48052
48176
46225
46953
48178
48020
45339
47155
48027
47293
49206
47623
46217
47942
47297
47616
45635
48012
47857
46961
46262
48696
47735
48214
45401
46051
48015
45691
46784
48370
48635
48254
47328
47862
46769
46485
46743
45933
48865
46482
46359
46738
48533
46201
48419
48997
49016
47517
46040
49222
46854
46381
46669
49149
48184
49100
47559
46187
48901
46994
47873
47228
47649
46942
47370
45382
47981
46868
46655
47302
46930
48501
45796
46703
46561
46959
46855
45416
46751
48184
48006
45576
48814
48317
47093
46026
46559
47952
46730
46595
46784
47159
46984
48015
45984
45879
46886
49184
46596
48865
48370
48141
47225
48606
47101
47567
49130
47759
48984
47107
48739
46311
46157
46817
49092
47236
45375
46421
46450
48528
46769
47623
48126
49026
48559
46666
48752
48052
46040
47568
46765
47362
45336
48174
46938
47786
48268
46332
46958
46669
46200
46799
45796
46482
49206
47719
45977
48513
44822
47319
49139
45851
47339
46759
45382
47873
47099
46953
49218
45196
45785
49162
48207
46954
48901
44823
48254
45257
45820
47163
46605
47853
47659
45175
46743
46834
44756
48299
46225
48073
47745
45816
48839
47228
48143
46868
49091
47096
47127
45454
46201
48405
48495
46187
49149
47582
46432
47634
48705
46557
48781
45681
47670
45755
48652
45986
47161
48413
45941
47025
48733
45284
47675
46829
48887
46553
48130
47312
46491
47293
47045
49073
49185
47612
47554
46767
44820
48284
46358
47091
45000
47166
47730
49246
46655
47186
48259
46467
44825
45876
48853
47516
48843
49146
48214
45838
46262
46869
48635
48178
49020
45381
48622
46021
46498
47017
48617
47561
45646
46105
46001
45679
45202
45697
48042
46944
46299
46942
45287
48842
49100
48694
48479
48712
47317
49088
45647
48100
46203
49093
47857
46735
45789
45142
47515
47285
41081
45963
48358
46833
47297
48075
46994
47808
47925
48714
46316
47197
47985
45821
45947
46962
48125
