752
1295
1301
1316
1359
1362
1409
1441
2212
2217
2219
2231
2241
2266
2270
2280
2291
2300
2309
2319
2330
2332
2344
2351
2360
2369
2370
2378
2397
2412
2428
2436
2438
2439
2452
2454
2477
2494
2496
2505
2531
2539
2542
2545
2557
2570
2571
2574
2578
2585
2590
2592
2594
2599
2612
2624
2637
2655
2678
2692
2703
2723
2752
2770
2772
2799
2800
2804
2811
2815
2822
2823
2867
2868
2871
2904
2957
3066
3069
3081
3094
3100
3105
3106
3109
3159
3162
3174
3215
3224
3225
3228
3251
3260
3318
3319
3323
3364
3375
3407
36175
36196
36351
36452
36522
36545
36630
36638
36642
36663
36686
36697
36712
36716
36721
36783
36811
36813
36865
36901
36920
36955
36956
36957
36975
36986
37003
37038
37050
37106
37127
37148
37153
37179
37187
37188
37243
37245
37256
37289
37316
37323
37328
37370
37403
37463
37466
37493
37560
37565
37566
37581
37594
37619
37626
37651
37663
37686
37690
37697
37701
37722
37735
37753
37774
37776
37807
37868
37887
37912
37917
37920
37923
37929
37941
37944
37978
37980
37985
37994
37996
38012
38018
38024
38034
38051
38090
38118
38137
38180
38186
38189
38193
38199
38265
38266
38272
38313
38314
38315
38349
38351
38356
38360
38365
38366
38374
38377
38379
38387
38426
38434
38473
38482
38522
38526
38527
38536
38547
38582
38595
38622
38721
38757
38777
38809
38847
38905
38912
38927
38931
38940
38946
38958
38986
38997
39003
39034
39052
39068
39156
39158
39162
39167
39171
39195
39224
39242
39247
39255
39271
39294
39297
39365
39389
39398
39483
39496
39500
39515
39540
39552
39566
39579
39587
39627
39631
39637
39640
39655
39724
39754
39815
39921
39927
39954
39974
39977
39983
40075
40083
40089
40102
40105
40110
40114
40122
40129
40139
40152
40157
40178
40299
40302
40321
40371
40383
40396
40405
40425
40452
40472
40474
40487
40499
40500
40524
40526
40543
40552
40568
40591
40632
40683
40689
40726
40734
40755
40805
40810
40814
40818
40834
40845
40875
40883
40894
40899
40984
40990
41000
41055
41097
41104
41105
41143
41205
41206
41208
41278
41293
41456
41457
41534
41578
41670
41682
41706
41747
41752
41754
41758
41759
41767
41769
41801
41815
41816
41834
41839
41872
41876
41884
41890
41900
41928
41936
41954
42003
42025
42037
42041
42042
42043
42044
42061
42076
42081
42086
42140
42144
42146
42173
42204
42211
42213
42222
42227
42248
42257
42269
42283
42308
42311
42314
42342
42344
42363
42369
42374
42385
42387
42402
42407
42422
42423
42431
42435
42470
42481
42510
42513
42518
42546
42547
42563
42626
42627
42666
42669
42670
42692
42709
42712
42713
42726
42727
42744
42749
42753
42756
42758
42767
42777
42786
42788
42791
42807
42811
42813
42816
42817
42823
42875
42887
42928
42932
42959
42968
42987
43000
43002
43009
43020
43023
43041
43068
43108
43146
43149
43152
43163
43194
43195
43201
43208
43221
43222
43239
43252
43272
43298
43302
43320
43323
43325
43328
43398
43409
43412
43424
43463
43477
43514
43546
43601
43605
43616
43626
43630
43634
43646
43662
43682
43711
43719
43725
43740
43781
43786
43790
43814
43829
43854
43895
43903
43930
43946
43948
43995
44013
44022
44035
44037
44053
44064
44124
44132
44146
44182
44186
44204
44230
44239
44245
44255
44271
44273
44314
44315
44317
44364
44403
44410
44433
44435
44443
44460
44461
44481
44490
44492
44501
44517
44540
44717
44906
44908
44952
44975
44985
44995
44998
45037
45107
47917
47918
48779
1095
1284
1363
1438
1762
2890
3255
3287
36059
36061
36586
36625
36850
36936
37285
37306
37469
37580
37791
37921
38070
38435
38483
38775
38910
38933
39233
39322
39382
39396
39411
39656
39700
40155
40222
40307
40360
40522
40602
40613
40970
41107
41239
41332
41605
41755
41798
41944
41963
41964
42077
42163
42298
42310
42329
42384
42584
42742
42792
42855
42892
43006
43014
43028
43184
43237
43345
43543
43621
43780
44044
44150
44251
44589
44742
44750
48874
1293
1305
1405
2306
2383
2470
2562
2589
2598
2614
2694
2777
2859
2978
3244
36616
36989
37016
37024
37278
37576
37660
37698
38039
38661
38808
38825
38868
38964
39222
39326
39435
39454
39516
39520
39543
39723
39886
40035
40093
40183
40423
40655
40678
40748
41050
41077
41118
41191
41320
41327
41375
41533
41699
41734
41807
41811
42017
42018
42112
42129
42174
42186
42346
42401
42540
42550
42561
42573
42628
42684
42882
43021
43073
43266
43374
43407
43588
43645
43752
43917
43999
44264
44319
44514
44725
746
1282
2312
2340
2516
2540
2556
2577
2656
2769
2854
3037
3087
3145
3213
3221
3242
3326
36433
36834
37010
37231
38092
38350
38469
38623
38754
38917
39013
39048
39245
39278
39399
39536
39868
40145
40365
40783
41266
41303
41558
41583
41673
41745
41831
41924
41934
41957
42073
42105
42318
42334
42389
42754
42900
42946
42969
43034
43779
44074
44272
44365
44444
44558
44875
44942
44967
2880
35990
36491
36631
38307
39679
40596
40976
41268
42134
42743
42776
43690
43991
44775
1277
2328
2446
2503
2602
2893
2972
3045
3253
3349
36008
36612
36784
37175
37314
37418
37844
37942
38220
38710
39133
39230
39394
40074
40507
40541
40762
40821
40837
41063
41850
41870
42046
42047
42111
42209
42226
42228
42270
42357
42724
43001
43033
43171
43173
43528
43596
43735
43872
43891
43926
44091
44483
44533
45022
45028
45076
47889
47922
2352
2537
2645
2665
2681
2750
2885
2898
2953
36535
36750
36778
37583
38288
38409
38494
38678
38770
38772
39576
39612
39980
40071
40108
40173
40190
40393
40512
40559
40662
40876
40967
41377
41709
41761
42008
42109
42424
42468
42508
42554
42620
42889
43072
43179
43667
43841
43985
44073
44650
44909
44939
751
1371
2476
2478
2584
2700
2704
2710
2784
2805
2993
3212
36537
36751
37152
37833
37891
37933
38554
38750
39544
41067
41390
41580
41606
42361
42429
42465
42575
42644
42797
42933
42999
43010
43544
43951
44001
44340
44954
2275
2903
3290
36563
36655
37244
37600
37756
37823
38489
38674
39040
39209
40209
40563
40979
41156
41316
41732
41988
42016
42395
42455
42499
42706
42731
42741
42975
42998
43229
43256
43533
44355
44449
44926
45138
2374
2468
3277
36830
37445
37573
38448
38538
38568
38789
38801
39269
40051
40617
41211
41897
41950
42135
42458
42471
42505
42595
42655
42688
43139
43602
43746
43875
43997
44414
44419
44487
44522
44531
44587
36293
36676
36723
36754
36953
36980
37672
37808
38046
38698
39083
39529
39963
40397
41201
41362
41498
41514
41515
41980
42036
42060
42225
42231
42276
42803
43081
43113
764
768
2325
2650
2830
2878
3030
3157
36591
37582
38277
38477
38852
38858
38943
40154
40251
40809
40854
40948
41088
41771
41923
42171
44508
44837
45095
1314
2495
2666
3236
37605
37988
38188
38217
38541
39558
40160
41035
41066
41120
41141
41443
41644
41818
42512
42638
43198
43542
43614
44160
44241
44721
45035
1463
2786
2960
3181
37764
38062
38122
38925
39066
39115
39226
39422
40323
40388
40872
41131
42168
42953
43672
43675
44032
44313
44504
44524
47921
753
39950
40408
40614
40638
40944
42333
42571
42718
42909
43931
44617
1321
36780
37981
38214
38629
39231
39584
40461
40738
41103
41255
41746
42300
42501
42541
42854
43054
43082
43911
44249
44476
44727
44947
37925
38181
39881
40058
43231
44061
3285
38359
39816
39992
42190
42520
43619
36482
36585
37023
37627
38216
38589
40244
41102
41361
44673
44701
3053
3368
36972
37490
37570
37615
38099
39135
39609
40338
40913
43652
43702
44814
2271
2273
3217
36504
37002
37778
37892
39452
40670
41642
42355
43140
43551
43878
44244
44318
44969
3281
3309
37178
37986
41073
41357
42035
42096
42616
43674
44096
44256
44506
48658
48829
36493
36540
36702
36720
36809
36849
37567
38611
40523
40576
40777
41777
41830
42114
42589
42705
42824
44019
3274
37413
37578
38215
38463
38791
39116
40415
41873
42197
42729
43512
43635
43730
43845
44036
44114
2672
37406
37431
38191
39165
40142
40150
40201
41275
41930
41974
42069
42818
43472
44071
36617
36885
38107
38204
38981
41882
42375
42630
43718
43815
44113
49521
37824
38299
39580
39833
43162
2444
3257
37850
38249
38557
39149
39541
42759
44129
44170
2430
2434
37410
37717
37897
38079
38679
39814
40621
40648
41154
42413
43210
44180
45051
2596
2646
37064
37288
37930
39140
39342
40908
40996
42350
42843
44122
44307
44956
2506
2789
3113
37526
37585
38558
41020
41142
41952
42802
42831
43130
44155
2368
2461
2959
37294
37331
38914
39549
42847
43613
43877
43958
1473
2707
36749
36939
38196
38601
39607
39721
41207
44247
44324
37777
37934
38043
39545
43215
45049
3131
3237
36473
37034
37435
38491
40126
40192
42466
43789
3330
36854
40558
41360
42130
42761
43090
38893
39261
42038
42147
42187
42991
1333
3214
3272
36656
36814
39482
39945
42223
43676
3278
38052
38244
43124
43564
43599
43934
44089
2342
39275
40571
40721
41321
42200
44214
44960
3001
39023
40061
40767
41488
43207
44593
37744
38782
38819
39019
39477
41552
43530
3185
36503
39073
39897
39971
40328
2379
2864
2943
3336
40295
40544
41748
37675
39150
39310
40753
41756
43647
44081
2313
37261
37353
40084
40735
42460
42962
36258
38076
39373
42934
44018
49461
37839
42804
43361
43453
2294
38894
40237
40311
40515
41895
42842
3298
38571
39570
39733
42441
42485
43375
36881
37857
38594
39345
40366
41334
44217
41414
42320
42613
43223
44259
36913
38748
38797
40163
40166
40698
3371
37041
38242
40456
40712
2362
3223
40149
40184
42170
37608
39387
39923
37195
40560
41163
42921
44092
2764
36840
38680
42195
42260
42972
2889
40234
41470
41869
43233
43643
37356
38296
38866
38961
43902
44234
2323
2533
3367
42873
43534
44899
37730
37936
41695
42303
43303
36966
37105
41200
41477
41833
44903
40235
41323
42986
44719
44877
36987
37366
38317
40716
42167
42757
38056
39501
39741
41202
42148
43292
1408
2424
38799
43772
1297
36645
41796
42453
42535
37587
38389
40537
41509
42795
36688
37692
40839
37365
40059
43100
45046
40211
40421
42545
43639
44432
36725
37346
41652
2277
2659
2906
42478
43145
2233
2307
40737
40836
42254
39254
41025
42051
43249
43791
36782
37324
40585
44224
2788
37200
40473
42870
43826
2267
43300
44067
44464
2762
3293
37110
43332
43687
2631
40916
41500
43641
2952
3062
40416
42218
40739
41335
43913
38898
41051
41757
43151
2759
42642
42740
38238
39368
43186
2731
39764
41384
43681
36043
37538
40869
45096
37371
40378
41894
41921
36395
37667
40012
42812
2739
38037
38345
44861
36539
37111
37622
42224
37313
40548
41257
44894
2552
3406
39147
42747
3074
36892
38551
40343
40351
42799
42160
42771
45014
1331
2448
38415
40350
2712
38419
39521
42439
743
1299
44497
44910
3041
40079
40106
42608
38139
38472
40986
44345
36965
39173
43063
43783
2512
39029
39069
42976
36781
36915
37815
43174
36517
41656
37641
39917
42981
3321
39976
41094
37481
37741
42793
37858
39163
40575
2367
2426
39331
38722
42624
48514
39343
41178
43598
42542
43549
43944
41398
42039
44936
3032
40884
43992
37461
42099
42736
39990
40221
42368
3301
39352
40013
43741
41288
44478
44144
2283
41249
42165
760
3024
41250
42815
44219
2485
2983
41473
2686
40808
41892
37147
39606
43129
39694
42685
38947
40220
40304
42459
43178
42356
43120
39400
40177
40671
2964
39504
43059
37417
40303
42070
42790
43604
43782
2234
37830
41374
39063
39395
44164
37021
41967
43832
38715
42970
43089
3235
39136
43092
2593
2834
42394
36807
42045
43297
2566
37677
40169
38614
41132
43026
40158
40516
38530
41958
43265
41203
44025
44731
3022
3216
39444
2685
37924
38816
2567
2950
3256
40680
42063
3366
37433
43592
42602
3345
36896
42588
39241
39518
41917
36432
36668
37220
41828
41993
42750
2338
44944
39005
43517
36779
42732
42848
2293
2311
3344
36908
37616
41763
37502
38970
40731
2544
3117
44807
2365
36988
42415
42596
3294
37961
37628
43314
691
38776
41294
41848
37885
41139
37918
43650
37162
43471
41985
43919
3262
43808
2415
37009
41966
44198
41563
44477
2240
44922
2289
2755
40134
44017
40386
42641
39194
40993
39828
43316
42529
43945
40879
42600
39319
43394
2442
3102
40816
37503
42552
2298
38192
39178
43506
39568
39670
2214
2318
42023
42877
37796
38420
36398
37209
49526
40930
42504
37960
39253
41248
42002
2432
40539
42617
44516
2901
38717
2988
40618
42125
44352
38787
43628
2951
36753
38339
3160
40368
37811
42543
37959
41024
2507
45031
42493
44982
40349
43112
38456
40206
37138
39433
38401
39625
36444
37464
2522
37533
36875
41068
38250
41842
3374
37771
42206
40327
44098
2747
44127
2618
37865
38859
41717
36726
37049
2250
42673
3362
44500
41298
42964
40413
42603
40612
42862
40750
38585
39798
40387
43468
37746
43727
40195
40747
36990
42775
40000
40513
36679
42899
41783
43331
41766
2514
3122
39564
37705
42377
36420
44185
39667
41557
41010
39212
38798
38091
43400
2962
3271
39474
41395
40713
41867
2429
2447
39164
42139
41625
41678
2252
37911
2408
3084
37531
2303
2532
38378
42182
2269
39300
3172
40532
40404
42366
2437
43943
40119
41046
40717
42643
2558
2713
3079
3085
40313
43828
3219
40064
38213
38330
41731
43214
37430
38796
40331
38863
42880
36958
43754
2684
3268
37871
41380
2803
3222
36558
41013
43225
38080
3280
38701
37129
38942
43733
40905
43168
43311
2886
37302
40380
37523
43710
42305
41893
42012
42640
42691
41442
43158
37031
2560
42446
42473
2836
40326
40450
37990
3154
43381
2375
43579
38305
3238
39594
42176
40242
44889
41402
42261
38988
37772
2984
40410
40533
42084
40239
37354
38302
2768
37908
36727
38474
41064
37798
40245
42723
2372
42890
43187
37689
42716
44384
42268
40422
44005
44591
44880
39201
45017
38020
44121
41879
43939
40881
2347
40857
42083
3153
36265
40599
37095
42808
39206
39902
41982
37747
48019
38497
38261
42419
36350
44215
36426
39554
44447
38934
37846
43262
42881
40401
38462
37345
38590
44021
44757
2938
37841
41151
41942
41530
2702
38948
41413
40525
44556
36861
3338
37401
38112
36620
43018
37377
47915
3177
2883
41274
40434
37559
2387
1352
41365
39259
43513
41123
40763
42321
41655
39402
44054
3068
38184
2538
42822
42450
2467
40557
42663
40136
38534
44082
38152
37337
43961
40406
41246
41703
43720
2536
42973
36882
2595
2653
3013
40131
42859
44260
38361
42888
38700
40171
42941
43310
1472
38501
41428
2670
42313
38488
43582
39678
40214
40675
42120
43760
759
43132
43299
37465
37004
39208
2443
41913
2785
38029
3114
40457
37999
2335
41439
38962
37546
40888
44622
44154
38342
2200
42152
38732
44229
40756
36246
37711
2730
37649
40345
40724
41853
42534
3054
42184
41091
37192
38326
42533
41164
2742
44407
40848
44283
43259
44252
3026
41325
39966
38385
38974
39346
36684
39172
42497
36515
37880
39467
38646
44115
39122
38762
38014
38807
38130
2954
42511
2985
42267
43855
1345
44974
39531
38371
44167
41929
40622
42177
40243
41871
2191
42601
2373
42891
41251
36838
44279
42840
38556
37856
40549
36960
42722
42054
42849
36492
36335
45056
44616
38872
37900
39779
42564
43820
37889
38996
36571
44434
37750
42030
37269
43785
43492
38549
2930
38061
2479
39944
45109
42102
41476
43827
2643
44798
42331
2767
41645
42447
41584
689
42832
42179
2288
43119
42338
37121
37591
43538
2676
3036
2913
41785
43777
42690
42800
41106
40797
40823
37773
39041
37312
44183
40509
38053
2334
36555
38267
44366
41059
40889
44623
38343
41495
37369
42551
40665
37849
37947
38781
45011
41218
40458
38496
2603
39429
41391
41844
45149
41960
2842
36280
39455
3328
39323
37411
36197
40489
2845
39207
42145
37688
41174
43291
40384
37238
36520
38212
49534
37077
40329
39117
36876
42252
42524
38518
43705
40587
45047
38411
39081
41739
37762
44874
40518
43693
3103
2826
40336
41904
37800
39340
40608
41048
39057
37304
1368
40026
2821
36235
37551
40082
39349
2502
40601
41737
42622
40964
38746
37193
43929
37255
39211
2902
40212
43766
42650
41483
43803
38734
43148
44950
37229
42005
42104
43744
3312
42917
41802
44489
37888
44458
3005
41259
37906
37574
38406
40656
40590
2642
3002
40465
2905
43804
38733
2738
2359
44253
42418
36777
39939
41135
42833
43738
39413
37740
39537
39290
44161
2766
40053
36613
37840
37395
41469
40229
42856
41943
41531
42352
41181
42733
41702
3060
43721
43086
39645
36883
39920
41364
37028
42507
40987
40252
40699
1425
2317
44171
39478
41770
38659
43025
3012
38688
40646
40227
45040
38416
39287
40068
41628
37491
37757
44052
37832
3379
1382
37267
47914
44473
36536
36944
40054
43141
43952
2882
2386
42416
40896
43637
37875
42549
37066
2669
44015
42598
38113
37511
39332
36855
42748
39693
44446
763
44027
43263
44268
43515
42093
43372
1410
3083
41730
1366
41351
40498
44586
38790
40521
41461
39021
39786
43956
42364
36818
40347
40892
37478
41851
2501
42536
2616
3056
45004
37876
39336
44755
37569
41532
2410
43267
43606
40065
2623
39409
42275
42971
43722
38815
38467
44210
37515
38006
37602
40478
38323
44769
40677
43762
3023
40101
40438
37642
45071
38380
42682
3333
42544
40915
44953
2888
37645
38737
39601
43227
38543
2450
44222
36622
2908
2354
41276
38048
40895
2422
41858
44870
38275
43923
40444
38829
36773
39807
42668
44893
39229
3135
2314
40476
41236
37495
41369
37332
40529
38995
37782
44720
41547
42452
38363
37670
43775
41441
42926
43597
37248
37629
40795
3048
42149
39735
43709
42528
37814
44363
40133
2680
44262
3198
45038
42794
38318
41128
42578
38936
37436
36489
40375
43260
39989
40714
40871
40403
37081
38654
43344
41231
40471
40555
40584
36278
1454
38938
2419
38412
39987
41949
37101
44513
36824
39524
43518
44058
41367
37838
41411
41549
39725
39344
39686
40008
44905
37272
40469
2282
41407
37883
39126
37275
40318
36343
42967
38529
41376
2254
41194
42347
44111
38567
38785
38022
42768
42251
3047
43706
42527
2510
41840
43500
42436
38878
41951
41284
44482
38694
42679
3297
41956
40125
42088
36440
2925
2221
2586
43456
41646
3233
43204
41551
38019
41697
37820
44882
2696
39315
43329
42569
45103
3009
2649
2228
40460
43203
44885
37827
38955
41378
40538
38714
45084
44970
41989
44274
39996
38211
2268
38263
39851
44866
38838
41215
40827
43932
36690
37001
36641
37812
44620
3111
2497
37761
40831
37639
40022
47886
2899
38347
39507
39975
39799
3035
41564
40483
2674
41435
38059
40730
42404
43153
36283
37364
39037
37073
49530
43185
41177
47888
38398
44299
42714
42952
38057
2517
3040
39972
36800
39161
40903
43005
36717
45012
42019
39665
43688
39113
2758
37186
2261
40162
43360
41337
36015
2863
37568
43607
41990
43962
42885
2622
40953
38449
38684
2947
41865
43084
37514
39581
41689
45030
39696
44567
2292
38930
38542
2549
3264
40893
43716
42156
41043
2500
43060
43559
44920
37982
38032
38453
3218
39213
39015
43029
38234
41707
2625
43433
41546
2657
2236
43490
37913
38861
37100
45045
42738
39144
3289
41772
40132
42667
40921
42821
3173
40985
40196
36857
37720
2238
42118
38683
43758
2416
42853
42040
41623
41242
43965
38620
37783
43330
41270
43925
40023
2790
37011
45154
2509
43408
39055
43550
40024
41664
43131
2451
3211
40333
40561
36546
42317
36933
43334
2543
36743
39250
39758
43764
3332
2572
2900
43801
40399
37225
36772
38040
43988
42158
42539
2278
41740
37715
43522
38098
40087
42414
42866
2384
41973
41501
38116
44300
36941
37402
40842
37870
37063
45070
37926
38381
39266
3347
2975
42297
40961
1364
2329
39562
38743
37196
38792
785
37914
3199
40530
40942
41965
38399
43293
41339
44815
40579
40118
40297
44311
42985
42631
43071
37468
2511
42954
42526
36981
43382
42894
40362
2400
2872
43277
42056
38553
37853
39465
37612
37273
37164
36724
2956
42172
43366
38333
39112
43078
39616
44291
38341
43817
2673
43004
42695
45066
44626
38397
40359
36474
37234
44943
42259
42087
43417
43076
42191
2601
43700
1403
41171
42064
39618
37939
36525
39036
45137
37072
39321
41448
40208
40485
42805
41899
44034
770
3125
2765
42752
41647
37979
42445
2472
42783
43888
39076
36917
39548
36848
40684
43036
39143
3148
39285
41419
44347
40259
37784
42826
44108
43103
40477
44569
44165
38712
37201
38405
3188
40593
3316
41490
44097
40319
38011
38528
2193
41716
2980
2255
43422
40072
42893
3296
36448
40861
43270
42397
38135
37454
43822
36103
37743
38631
39071
39410
38985
39155
43169
39293
43508
42348
38402
2409
3249
41959
42566
42914
38928
43747
2580
3202
42833
42016
37762
2355
36838
36474
44446
41470
38193
43864
40313
43134
40820
37846
40082
41110
41914
2624
39229
40717
2522
43652
43178
37823
39201
44815
44875
2271
37756
38350
43607
36278
1366
40491
38299
3188
2349
38421
43639
37468
43130
3258
40338
44199
3179
3266
40252
38731
38011
2644
45031
39972
2678
36955
42455
3407
39435
37178
42731
42554
40095
38962
38415
2340
2985
43698
36535
2598
38100
35990
43131
41492
2252
37152
41436
3013
41327
2267
39920
1382
42552
43226
39052
43568
40596
44731
39609
2649
41375
43931
3213
43733
40350
2509
38634
3024
41559
38053
42742
36103
44899
42182
763
42934
37010
42131
3054
38682
40436
1405
41204
2949
40993
37698
39999
44894
38964
41709
40158
42218
44942
41923
36546
44069
40587
40101
40662
42300
37049
42658
3384
38762
44129
41763
2452
39992
36890
42946
45071
40986
44742
42545
38554
43956
44832
2275
3007
44018
44926
42797
44256
37365
40513
36917
3068
2516
40763
38474
43492
37490
37875
39209
38333
40557
41473
41964
42035
36824
39241
43302
38399
36981
2219
36563
2646
3196
37503
44229
2730
43151
3004
37471
42343
41435
40498
2318
41583
37284
44927
41732
37377
48658
42749
41645
40801
2197
39833
37616
40731
43841
3032
41897
41118
42684
44944
39543
39720
2406
43999
48829
41418
42625
45040
44092
43982
43754
38432
37820
41532
38703
3156
41640
3122
42096
37679
37629
37461
41191
44061
42895
44623
42975
39336
43162
40311
43100
40683
42763
44021
42524
40614
40647
40329
41123
44259
42346
37643
2568
42876
38674
37740
43721
40024
39247
40421
41988
39313
40022
43141
39779
41869
40561
44265
41382
40521
3202
40976
3274
43752
42809
2404
41734
2828
41107
43604
42571
38324
44081
40671
44114
37428
2889
2738
44972
40072
44979
41783
44096
40750
42111
2784
38866
42611
2689
43832
40848
38601
39164
39474
2925
41647
43814
43842
41200
37904
38070
40087
40515
37121
2674
36892
41316
39403
2491
39150
43534
41973
44579
1293
45012
41490
39537
40065
42644
36914
44868
39945
39454
40678
47915
42318
39161
42899
42998
39616
42969
39897
2993
42648
40206
40106
42030
40724
39433
39544
44210
44274
39580
3309
41655
38808
3144
42714
45050
3281
42882
44750
36712
42033
43086
40512
41646
38456
37595
42805
42620
2278
43533
47886
2785
42602
38263
42909
36800
42087
41882
43588
752
43021
40772
40474
39594
41656
44319
3050
37912
44705
3085
38266
42139
43730
41513
44227
43779
3146
42540
43762
38732
44122
41474
38398
39023
41773
40485
43951
41547
45070
38530
40593
43681
37737
44492
42550
43700
2871
40253
2383
37559
39178
37095
37326
41102
40423
40000
37981
40209
3128
2457
37513
40655
43606
39199
3040
44164
37445
2311
38604
42804
41707
42149
44506
40180
37892
3062
44111
42468
42499
39679
38381
41046
42481
42573
36584
43980
40190
3199
36844
44073
43084
42179
40420
3194
41242
38467
44969
42569
44449
42706
37830
40460
44937
37591
42017
41682
3103
43645
38853
44591
41699
1456
39163
42527
40538
37431
41770
43314
43331
39886
38196
41288
39206
38076
40476
42389
40675
43773
42423
39541
3333
42971
42859
2319
41050
44514
42995
43845
2378
44093
40822
43688
3328
42384
2581
36491
43354
40134
43758
43702
2191
40599
36972
42542
37529
41337
38700
43629
2802
44720
37796
42025
41461
38832
44558
2354
39395
37689
38497
41721
36398
40667
40359
38288
2676
39057
45095
1762
2281
42776
40177
36460
37781
2572
37254
3001
45004
38684
42551
756
2250
42220
37814
2820
2769
42616
42877
40740
44057
36690
43796
41737
37827
42325
42794
43790
37346
39536
39400
2954
42968
44620
43945
3066
42821
2228
44025
41558
36877
41432
2872
43471
42350
2620
