18935
18991
19046
19075
19077
19078
19084
19094
19114
19139
19149
19165
19171
19184
19199
19215
19217
19230
19247
19272
19280
19285
19293
19300
19301
19313
19314
19324
19339
19369
19371
19374
19381
19387
19396
19401
19422
19439
19456
19469
19476
19508
19521
19523
19569
19592
19594
19668
19675
19687
19711
19721
19758
19768
19770
19781
19785
19786
19788
19832
19858
19888
19894
19901
19969
19998
20028
20030
20054
20087
20101
20110
20156
20157
20170
20172
20189
20225
20270
20381
20383
20474
20480
20482
20751
20774
20814
20854
20864
20873
20941
20944
20973
20975
20997
21026
21040
21044
21048
21103
21116
21171
21176
21192
21198
21214
21217
21218
21287
21300
21331
21338
21365
21422
21437
21450
21452
21460
21477
21499
21505
21524
21531
21538
21542
21583
21590
21600
21615
21617
21630
21642
21644
21647
21652
21668
21677
21696
21723
21731
21733
21736
21751
21791
21794
21827
21832
21835
21847
21870
21883
21884
21891
21897
21903
21919
21967
21996
22007
22016
22045
22051
22085
22104
22124
22125
22129
22133
22150
22155
22157
22158
22167
22168
22177
22197
22213
22245
22248
22252
22259
22269
22280
22282
22285
22322
22351
22366
22378
22400
22407
22417
22420
22423
22425
22434
22453
22462
22467
22501
22521
22522
22582
22588
22651
22669
22685
22698
22716
22724
22797
22798
22818
22820
22822
22840
22873
22929
22993
23034
23043
23062
23102
23123
23127
23129
23147
23174
23176
23177
23178
23190
23203
23234
23237
23245
23263
23288
23296
23307
23320
23487
23488
23490
23493
23552
23628
23645
23677
23689
23702
23720
23744
23754
23811
23882
23898
23955
23980
24007
24015
24032
24037
24054
24063
24085
24088
24155
24171
24178
24184
24188
24216
24225
24230
24256
24259
24272
24280
24312
24317
24346
24356
24391
24418
24458
24501
24527
24562
24583
24602
24655
24694
24710
24718
24719
24722
24732
24733
24735
24740
24746
24747
24775
24779
24787
24815
24852
24862
24885
24927
24951
25020
25024
25039
25043
25053
25058
25081
25130
25162
25183
25184
25196
25210
25217
25240
25264
25265
25300
25315
25326
25331
25335
25339
25342
25374
25442
25467
25488
25512
25513
25520
25528
25546
25552
25555
25562
25567
25576
25637
25643
25653
25744
25791
25799
25804
25830
25832
25855
25857
25859
25897
25907
25923
25928
25942
25964
25977
25988
26000
26002
26010
26062
26063
26065
26069
26099
26100
26101
26126
26145
26152
26183
26207
26246
26267
26307
26315
26346
26357
26375
26405
26438
26448
26460
26467
26492
26511
26512
26513
26535
26628
26870
26888
26938
27015
27017
27027
27055
27084
27095
27118
27124
27133
27155
27178
27186
27204
27219
27241
27259
27265
27289
27324
27340
27385
27399
27403
27419
27426
27429
27439
27468
27470
27475
27484
27493
27498
27502
27524
27532
27544
27552
27565
27574
27626
27627
27639
27648
27662
27688
27694
27708
27737
27765
27774
27778
27797
27808
27846
27850
27867
27894
27902
27937
27964
28005
28075
28081
28112
28128
28143
28152
28157
28197
28235
28236
28240
28264
28301
28327
28361
28366
28383
28386
28395
28402
28424
28448
28454
28479
28480
28495
28506
28540
28552
28564
28572
28581
28601
28605
28613
28615
28619
28620
28630
28651
28654
28660
28679
28706
28716
28740
28776
28786
28831
28921
28973
28974
28981
28995
29006
29023
29032
29069
29070
29081
29089
29110
29180
29251
29261
29283
29324
29351
29397
29446
29451
29478
29485
29649
29658
29661
29677
29709
29710
29717
29719
29721
29730
29743
29995
30008
30026
30043
30062
30120
30178
30279
30284
30322
30475
30695
30707
30714
30718
30722
30725
30730
30766
30767
30789
30834
30872
30877
30889
30916
30943
30956
30960
30978
30994
31063
31075
31095
31100
31105
31141
31166
31283
31297
31301
31370
31456
31458
31466
31483
31491
31496
31498
31525
31716
32142
32801
32825
32831
32848
32868
32869
32873
32892
32920
32936
32944
32946
32948
32960
32979
32983
33061
33073
33084
33152
33180
33184
33321
33644
33978
33988
33997
34000
34006
34080
18978
18989
19011
19021
19040
19152
19166
19178
19287
19367
19398
19415
19445
19446
19452
19474
19490
19540
19576
19608
19624
19630
19661
19716
19719
19726
19780
19792
19842
19900
20012
20014
20064
20076
20086
20108
20113
20122
20126
20208
20213
20219
20232
20256
20283
20330
20340
20342
20361
20759
20772
20890
20918
20923
20935
20977
21015
21057
21071
21072
21132
21139
21140
21163
21177
21213
21237
21252
21265
21276
21283
21304
21311
21321
21363
21364
21367
21371
21393
21394
21433
21462
21468
21469
21472
21483
21509
21564
21627
21756
21785
21815
21821
21843
21849
21874
21890
21907
21984
22009
22053
22054
22067
22091
22128
22143
22146
22171
22207
22249
22251
22295
22296
22337
22349
22376
22392
22393
22432
22494
22502
22526
22594
22596
22601
22610
22625
22626
22631
22634
22686
22733
22771
22777
22787
22788
22857
22905
22932
22954
22958
22969
22995
23047
23085
23095
23132
23141
23172
23186
23187
23194
23201
23235
23238
23276
23305
23310
23481
23486
23545
23690
23701
23705
23710
23726
23776
23815
23890
23925
23936
23948
23963
24034
24044
24051
24100
24140
24237
24284
24325
24340
24381
24413
24430
24470
24508
24541
24546
24581
24600
24615
24628
24634
24654
24668
24682
24690
24707
24713
24743
24795
24856
24857
24890
24932
25015
25134
25147
25206
25207
25237
25281
25313
25317
25333
25353
25419
25448
25449
25464
25527
25560
25563
25586
25644
25706
25710
25722
25730
25781
25798
25877
25882
25894
25903
25924
25952
25960
25961
26011
26022
26042
26083
26091
26127
26128
26136
26161
26208
26222
26266
26275
26310
26321
26333
26336
26394
26433
26441
26452
26462
26476
26481
26519
26630
26892
26902
26945
26956
26960
26964
26983
27007
27008
27019
27023
27040
27134
27137
27161
27286
27341
27364
27499
27504
27523
27551
27558
27595
27599
27614
27615
27667
27668
27682
27683
27702
27706
27749
27844
27864
27865
27941
28004
28034
28073
28078
28089
28108
28133
28144
28150
28155
28216
28220
28224
28234
28242
28287
28392
28434
28455
28526
28527
28536
28544
28547
28575
28588
28591
28636
28637
28673
28696
28710
28730
28731
28745
28768
28791
28813
28825
28830
28885
28942
28945
28949
28952
28956
28968
29061
29072
29112
29122
29132
29146
29230
29246
29258
29263
29281
29296
29305
29308
29326
29436
29487
29490
29494
29585
29594
29641
29681
29690
29698
29725
30039
30059
30141
30210
30246
30480
30726
30779
30856
30867
30876
30908
30910
30920
30957
30968
31073
31076
31078
31130
31136
31143
31187
31304
31315
31330
31462
31470
31514
32694
32804
32824
32834
32917
32925
32928
32952
32957
32967
32971
32978
32986
33042
33064
33093
33252
33323
33960
33986
34018
34027
34083
34090
34416
18875
19096
19140
19360
19417
19457
19484
19534
19551
19553
19562
19583
19692
19769
19796
20007
20081
20089
20104
20159
20178
20247
20328
20425
20487
20744
20838
21146
21189
21227
21271
21353
21412
21414
21418
21463
21664
21923
21936
21937
22031
22093
22112
22118
22183
22188
22225
22268
22278
22281
22365
22395
22463
22595
22604
22748
22750
22957
23019
23101
23107
23252
23257
23316
23544
23723
23769
23770
23830
23839
23934
23976
24010
24073
24123
24128
24255
24267
24463
24622
24794
24822
24879
24908
24930
24948
24958
24966
24973
25007
25008
25107
25180
25186
25211
25231
25271
25287
25375
25400
25405
25429
25441
25497
25726
25735
25910
25987
25991
26901
27086
27192
27193
27194
27276
27329
27381
27383
27415
27423
27587
27673
27697
27738
27802
28044
28129
28196
28238
28466
28487
28488
28549
28578
28665
28667
28703
28758
28764
28868
28950
29076
29083
29195
29208
29317
29344
29354
29407
29664
29665
29666
29714
29989
30029
30058
30870
30909
32296
32799
32802
32811
32823
32840
32851
32855
33040
33078
33106
33182
33315
33935
34085
34704
34840
18871
19106
19391
19400
19404
19416
19585
19665
19731
20094
20119
20229
20379
20395
20420
20472
20823
21088
21187
21348
21676
21819
21837
21841
21915
22109
22145
22232
22271
22297
22342
22382
22397
22580
22593
22775
22841
22883
22940
23068
23084
23213
23256
23457
23725
23732
23917
24106
24149
24224
24261
24275
24289
24296
24319
24393
24456
24467
24699
24711
24791
24943
25154
25252
25411
25431
25741
25755
25926
25930
25976
25978
25994
26235
26242
26253
26350
26371
26555
27066
27173
27229
27284
27304
27366
27393
27474
27695
27716
27746
28071
28225
28312
28437
28446
28632
28873
28876
29025
29101
29135
29159
29202
29222
29232
29310
29341
29476
29623
29673
29992
30260
30285
30299
30868
30938
31071
31082
31305
31927
31937
32339
32787
32830
32842
32934
33038
33140
34022
18924
19225
19226
19323
19347
19447
19537
19593
19644
19734
19757
20003
20008
20311
20315
20849
21102
21158
21209
21307
21324
21409
21910
22086
22215
22246
22256
22317
22391
22438
22645
22684
22735
22786
22890
22919
22946
23000
23006
23017
23063
23243
23244
23293
23311
23649
23695
23859
23876
23892
23938
24046
24236
24488
24629
24731
24781
24938
25014
25358
25401
25413
25438
25453
25557
25621
25660
25738
25863
25984
26050
26149
26317
26377
26461
26632
26966
26999
27105
27125
27579
27693
27707
27932
28194
28252
28274
28481
28543
28641
28684
28979
29121
29347
29373
30015
30034
30215
30219
30719
30772
30862
30998
31035
31070
31165
32828
32858
33195
33303
33999
19258
19579
19740
20304
21811
22099
22953
23358
24849
25337
26123
27305
27621
27803
28401
32918
33041
19160
19278
19402
19478
19494
19526
19531
19691
19693
19725
20005
20161
20254
20898
20945
20949
21038
21211
21475
21544
21693
21805
22011
22184
22388
22450
22652
22838
23009
23121
23498
23883
23929
24052
24097
24156
24161
24164
24181
24198
24510
24760
24899
24983
25266
25534
25682
25820
25867
25918
25925
26030
26081
26488
27030
27032
27163
27239
27250
27450
27452
27453
27477
27633
27830
27908
28048
28055
28067
28091
28093
28119
28214
28497
28633
28669
28824
28994
30212
31056
31110
31178
31425
32172
32696
32833
32847
33157
33971
19289
19812
20234
20486
20830
21183
21413
22087
22612
22624
22782
23030
23468
23855
23995
24172
24386
24482
24960
24979
25084
25278
25378
25394
25481
25587
25626
25677
25732
25793
25938
26059
26133
26137
26392
27082
27123
27224
27601
27872
28263
28311
28387
28409
28444
28554
28697
28909
29109
29117
29276
29726
29976
30314
30706
30840
30958
31077
32891
19126
19418
19783
20262
21014
21081
21216
21264
21349
21559
21673
21715
21775
21788
22105
23012
23231
23452
23989
24287
24669
24761
24840
24846
24922
25321
25559
25565
25592
26006
26451
26896
27170
27195
27338
27777
27796
28291
28709
29097
29155
29968
29977
30009
30265
30699
30947
31074
33123
33201
19514
19689
20048
20114
20940
21002
21010
21345
21379
21441
21628
21691
22164
22504
22599
22785
23242
23353
23676
23699
24563
24595
24606
24613
24766
25478
25908
25921
26993
27121
27176
27283
27360
27536
28101
28556
31034
31096
34066
19095
19254
19677
19756
20154
21050
21104
21490
21618
21960
22147
22418
22571
22708
22824
22874
22896
23504
24577
24637
25175
25780
25896
26129
26150
26204
26292
27000
27681
28062
28279
28370
28799
29165
29169
30887
30959
31922
32870
32899
19015
19182
19419
19451
20195
20263
20496
21006
21011
21185
21195
22250
22922
23721
24021
24327
24723
25316
25482
25591
25664
25916
27712
27855
27907
27956
27994
28126
28617
28645
28676
29432
29679
30201
30292
30881
31086
31461
32939
34710
19109
20276
21179
21229
21514
21675
21865
22010
22115
22370
22743
22808
22835
23111
23931
24454
24591
24784
24868
25430
26004
27075
27104
27661
28560
28686
28803
28963
28997
29603
30270
30456
30801
30865
31284
31321
32874
33094
33979
19368
19536
20127
20271
20886
21025
21070
21142
21380
21457
21525
21582
22628
22826
23112
23206
23251
23500
24685
24796
24962
25230
26228
26312
26381
27915
28042
28068
28928
28991
29028
29702
30913
32841
19268
19380
19522
19702
19765
20264
20903
21018
21062
21403
21656
21663
22006
22444
23666
23884
24102
24423
24447
24539
24878
24904
25045
25968
26038
26114
30022
30277
30763
30982
31308
31336
33156
18969
19590
20027
20280
21537
21826
22235
22581
22620
22869
22924
24145
24202
24279
24335
24612
24726
25432
25456
25655
25757
26027
26173
27380
27596
27638
28754
28948
29092
30828
33037
25041
18885
19750
19837
21882
23953
25807
26366
27201
28117
28901
28913
29216
20018
20942
20955
22097
22299
22552
22772
22805
22901
23279
23301
24475
26613
27343
27356
28013
29214
30708
31270
31472
34093
20067
20802
20858
22484
22833
23028
23036
23489
24461
24675
24949
25327
25416
26903
27132
27292
27312
27945
28233
31188
33014
33160
19728
20382
20983
21646
21971
22741
22858
22949
23939
24721
25280
25809
27004
27245
27594
27620
28761
29355
29496
29967
32970
19308
19795
19806
22135
23185
23902
24321
24640
24984
25975
27407
28693
32832
33113
19188
19243
19450
20463
21782
22212
23098
24614
26184
27616
27886
29656
29734
30476
30933
31016
31294
20084
20306
21424
21859
23460
23656
23848
24672
24680
24830
26524
27141
27332
27996
30307
33949
19694
19743
21344
21587
21792
22111
22331
23834
24683
24907
25496
25776
29971
33984
19231
19393
21389
21402
25139
25234
25822
27319
29816
29998
30065
30829
31371
33055
18869
19660
20238
20429
21985
23467
24504
25583
26001
26119
26359
28239
29383
29465
33013
19423
19808
23133
24569
25582
27571
27582
28084
28681
29270
32320
19642
20106
20341
21205
22776
24714
24961
25355
26252
27061
27507
33560
33987
20098
20150
22161
22728
23969
24754
25042
25444
25572
26251
28844
32963
33311
34711
21451
22380
22823
23300
26124
26194
26290
26345
28104
28853
29205
30050
31471
21266
23652
23922
24234
25537
26542
27020
27033
27079
28770
30989
18934
20227
21545
21872
24382
25329
25761
25848
25895
26330
27228
28718
19344
21977
22270
23664
25539
25579
25647
25993
27758
29311
30945
31008
19137
22481
22956
24493
25733
25872
26233
27942
28205
29469
33298
33818
19500
21203
22327
22437
22817
24066
26241
27940
29484
31361
32991
20969
22242
24780
25191
26144
27052
27100
27975
28525
29166
30702
31438
22430
23478
24373
25320
26205
26635
27981
31106
31680
32949
18846
19852
19914
22166
22204
23916
28189
29129
30162
31140
32871
21772
22108
24610
24666
24703
25736
26910
28690
28941
29716
30734
19288
19310
20880
20885
21533
23985
24568
28153
28557
30835
31129
21674
24933
25125
25663
25800
26220
26363
26418
28447
30457
21178
21254
21568
22464
26351
26416
27672
28642
30781
31115
20257
21522
24339
27405
27710
30765
31160
33172
34708
21165
21299
21523
21557
26071
26572
27333
28397
30011
31170
22303
22629
27473
30030
31638
32348
21786
21844
26530
27436
29345
31138
21137
21829
22211
23354
25055
28796
30878
32742
21720
22842
24392
24560
25065
26380
28600
28666
29518
19712
21914
22409
24903
26985
27037
28199
29127
29318
22497
24477
27530
28782
29930
32171
19921
22663
24709
24860
27647
28715
29396
20021
22360
22843
29434
30615
32182
19565
22506
22923
26018
28485
30296
31467
33322
19843
20377
21666
23308
23722
24150
25870
29769
21892
25205
25443
27589
19427
21342
22655
23196
23292
25151
33030
19916
23158
24825
26980
28313
28748
19643
19705
22916
22938
23469
25182
26531
27917
22948
23277
23761
21812
21979
22749
24599
25629
29168
30060
30930
19496
34016
28965
28975
20407
21427
22451
23236
24182
25778
26981
22100
22123
22356
27480
28505
29173
29400
22163
23465
25817
26007
28683
30003
21208
21992
23669
25189
28484
28720
21123
22024
22803
29140
29376
33729
19107
27519
22942
24582
24893
28565
28938
31376
22465
23198
25309
27432
29144
24665
26982
22131
23335
24365
24478
31114
34853
19366
22509
24024
25985
27165
27352
27538
20385
28249
28322
29457
30472
25219
25853
27635
27800
27905
28405
21494
21757
25909
27444
29464
30124
19872
23202
23233
25868
29766
21726
22461
25026
28139
31493
20484
21552
24231
24369
24916
19799
21184
28639
34682
19336
22529
27339
31644
22546
24334
27243
29617
31715
20184
20779
25883
27031
19717
20188
20971
24915
27258
24027
27510
30761
33306
33972
21797
24320
25376
29056
29314
22459
23909
19385
20237
20412
23025
25850
20862
23759
26544
32905
20220
22372
27054
33993
22790
23755
25273
23069
24355
29167
31296
19679
20344
30340
23042
24925
25176
27734
30046
19436
19649
21989
25675
29985
20919
21143
23397
23868
34690
21506
24248
24736
29440
19343
21425
23672
24425
28355
32608
19548
24909
26406
25066
29411
23795
25390
22410
28623
29348
33049
22261
23991
18827
19043
30776
24417
25167
20091
31504
33062
34679
21781
26341
28900
22754
23865
27263
33159
21566
22384
27767
22276
22486
27817
30047
26209
28717
27657
28077
28097
29670
20813
23687
27072
30019
24262
27709
21947
33382
33513
24542
25409
28500
25406
24033
24189
30747
22518
30964
33007
24342
25285
29433
26390
28057
28305
24965
28163
29811
22753
27670
23760
25040
29238
24644
26503
24306
27130
28826
23026
26384
31314
25794
27495
23086
26249
19147
19701
22911
29253
22849
32945
21415
27632
29285
25979
21945
22234
24337
21789
22903
21565
23011
25604
27076
28442
23858
25319
27024
23097
29913
31062
21998
26023
28808
19481
30923
33372
21704
21956
28533
20026
21485
22920
27138
32968
27440
18981
27482
30694
19466
29684
31092
24788
25503
33952
27420
27714
33048
20206
27718
34706
27049
27108
33958
21125
23646
33045
25257
27827
23135
25818
24288
26365
28438
25354
25753
26302
26536
21888
24790
25841
21491
29049
23014
24739
22709
27394
29774
24219
25668
29964
33149
26959
30302
27351
28174
30950
27041
29477
33550
24049
30944
31006
21373
19307
31036
22228
23697
24168
25541
22687
32295
19266
24741
25245
22659
28040
22394
25980
19148
20055
21085
27869
24460
29137
31412
31108
19773
28785
19516
27997
31877
25588
31295
30113
25073
28640
21657
25986
33649
19443
21686
26051
25480
27691
22219
28750
28343
28670
27269
32333
27412
28378
26080
28202
28753
25517
31332
22266
31068
25849
20817
25328
27056
28836
24283
27476
21904
27883
19838
21649
25282
21983
23081
22670
22908
27577
33814
19473
21487
23806
24274
21527
27457
34349
24326
31722
19748
21180
23119
28976
23961
32338
28801
30288
19595
21351
20380
24768
26801
23087
24597
23269
29184
24896
34852
21501
22825
25638
34856
19840
24232
22498
22968
20191
29382
32864
23183
25463
24957
33175
25113
31823
30967
33598
28521
21329
22354
24421
28329
19271
19549
27382
31168
19312
23473
32955
26376
23205
27529
28879
21518
31104
22783
20416
28802
18859
24466
24507
25966
23557
25018
31329
22662
26094
19850
30001
28962
32937
25208
29491
24667
25243
23715
27764
32313
29387
23881
20727
22196
21481
19919
26978
20784
23798
32415
29272
20056
33070
28701
28788
25686
29062
27114
19112
23060
22187
23658
28255
26323
29364
23957
21270
22373
24476
30057
21810
30387
28037
21990
19599
23906
21586
21941
24209
27244
25511
32174
25170
26538
31061
24967
26240
26626
19067
25392
25435
31924
20477
25575
19581
25383
27580
28851
28625
29162
19497
22736
20009
29086
30693
21408
20248
32431
24976
19361
30199
28674
28898
27549
23846
23446
27506
28959
20033
19610
29813
19458
29704
25069
22871
29319
27859
32993
26024
25294
28810
19338
25819
30667
29149
32760
24479
19891
25138
19432
23303
24250
20025
21572
24537
26445
29426
29381
21699
25787
24744
22025
28609
34605
27293
25490
33917
22677
28917
29325
30553
23114
21690
25221
28874
33138
25136
24124
33144
27169
32072
26805
29164
19681
30479
24902
29386
22967
23707
22159
22644
31575
31451
27748
26347
21609
30728
22200
32752
21949
27711
25044
29671
28822
32058
24720
33573
20010
30895
22870
21758
19115
29291
19353
23546
25634
23709
33130
19857
27355
19382
24995
20453
33169
23215
34654
28417
26482
23951
22702
21500
29479
21039
26428
22240
34001
26454
28548
21079
25127
23608
24603
20952
19475
26813
24445
19102
19587
30993
22165
31522
24217
29051
19220
22640
19517
23218
28047
23960
30946
28778
26546
29873
22863
27210
26450
29393
30817
19375
25350
28421
24751
24497
33096
24268
22734
30941
33970
29394
26541
23108
20284
23844
23057
22972
32632
23983
21200
22935
23148
25703
27720
34029
22446
27318
29858
21921
24975
26284
22917
23920
20447
25158
21730
29711
34005
19836
26115
33652
22657
21484
28123
29806
28655
24632
33189
24716
19605
24919
25011
28953
22193
29071
20489
31502
30266
27206
25132
31290
29152
22229
33301
27970
25286
29775
27357
21444
26789
30213
23150
29624
33603
30401
32354
28334
28784
19186
19626
24974
27413
27704
24270
28217
20121
19256
25612
23200
32881
25399
29160
21019
19232
32857
25720
20231
21584
21134
25218
30042
22819
22534
21357
33150
24697
26168
21579
22277
22160
31955
29343
28503
26231
32633
28936
34707
29472
23805
34689
26271
23638
24717
31335
29409
31022
29255
27555
29449
22886
19342
28816
25996
19499
23647
23226
25153
24372
25295
25532
25940
21744
31642
24835
33209
21290
23966
23842
29082
33903
31694
24963
23968
26360
29911
30807
21032
20152
22055
23274
27793
21893
22525
21842
25289
23704
31046
23290
24686
26556
22029
25022
22490
22178
27181
29575
22345
22052
26807
24824
24900
26409
28173
29996
22138
20825
24688
22764
19612
22959
19505
24991
22221
26383
33006
26458
31101
30824
27666
27358
21513
31090
27117
27576
27200
28713
29153
22950
25403
23629
27183
24835
23025
22610
29992
29998
31694
27817
32948
34349
20270
25289
19396
28506
19553
31127
22289
26024
19774
23279
23846
25467
27008
27031
25022
22979
24285
32182
25058
29382
33135
25070
30010
28004
28319
21746
30941
29364
29291
20191
29911
28405
22747
30401
29457
24156
28600
19660
28451
21346
21844
19712
20098
22797
28718
21523
21424
21691
22317
33814
19734
21989
23200
29164
30410
27921
31425
30314
32973
25940
26206
24219
30667
22011
28662
24392
20377
29491
22969
20826
20189
19258
25562
30110
19021
28205
31877
22903
24836
22372
22380
31305
22256
25895
33995
24063
22783
21921
28785
27126
24718
21590
25330
31100
34654
19649
22394
19353
21923
22823
24413
25979
19167
22611
28438
25060
30706
22741
21988
25586
31165
24955
29806
25921
26345
23277
29393
26416
32348
27956
24172
32939
29152
24849
26496
30709
24482
22535
28898
18827
24161
22178
31295
19343
27552
24557
24852
19387
29665
19499
20779
25182
27030
25286
22276
27816
22113
25853
19679
28770
22412
22259
26114
25552
24756
24418
23158
20380
25011
23985
25926
26404
22940
22869
32100
23014
22939
20033
31108
28533
19610
21415
24613
21014
29386
27991
24916
22497
34685
27855
22246
27588
24915
21203
26546
25871
21309
27037
21254
23883
25855
21859
22640
27228
29673
19456
26124
21671
20184
24168
29769
19692
24627
22631
29426
25604
25916
23943
28950
27758
24788
23557
27945
24479
25240
24704
25464
33002
23983
27940
24744
23608
21649
22163
22571
25167
34856
21195
22919
24178
26168
27551
25557
24373
26503
21788
26448
31576
19497
30956
24665
25753
21300
29670
22655
29477
25409
32752
27241
32871
23701
24542
21037
19743
22580
24188
22912
30003
29355
27286
28715
25018
30935
33048
20983
30990
27163
22786
27482
20482
23695
26626
25964
24428
32787
26241
29996
27673
27394
21936
23534
24369
24590
28696
21542
32295
22833
26541
24995
28089
27105
33061
21730
20108
24450
21413
23798
22188
29062
25706
24230
26332
33999
22824
27041
33969
24794
28826
22572
33041
27200
29496
24222
22331
22853
22444
34018
22843
22451
24503
26059
24202
23486
24721
30162
33978
29202
23096
31072
28386
22219
26137
22509
24483
25405
19451
21412
22377
29157
25040
23815
30726
28588
20057
27318
31101
19271
19796
30876
30823
21373
24703
19756
27208
23119
31178
22529
19787
26454
34605
22462
25980
28938
26156
31502
19514
19505
23185
33656
24501
24560
27468
21290
22373
21842
22629
19786
29343
27493
28683
26439
30030
22873
24910
21344
27633
26173
22857
32989
26304
30817
21070
28305
28197
30967
27920
22883
19149
31766
19230
33189
21237
28387
22594
19823
21468
24124
23203
23884
28975
26228
29447
27691
30878
32889
25249
28813
30889
34689
33322
24979
24150
19393
30994
33987
31034
24595
25218
31114
19247
28612
32050
24331
23149
21127
19838
27027
23129
25993
19152
19891
19084
30065
28928
26333
32991
28876
24824
20025
30306
26660
26938
31924
24739
22278
27159
28220
19537
28088
24866
19402
31493
25720
28874
19851
28776
22242
21614
31294
27716
25942
27351
32835
20341
28104
21740
22397
26136
28754
33007
19372
19342
19500
20094
20220
25923
22481
21992
22917
28630
23187
