14231
14288
14296
14305
14366
14394
14403
14406
14531
14557
14565
14588
14589
14636
14644
14672
14685
14687
14715
14780
14808
14909
14910
14947
15310
15432
15467
15562
15565
15571
15645
15661
15677
15683
15692
15711
15753
15829
15846
15928
15977
16029
16124
16213
16222
16245
16248
16319
16323
16432
16440
16471
16502
16540
16621
16626
16685
16688
16691
16727
16734
16761
16794
16806
16826
16893
16900
16928
16935
17112
17184
17194
17826
14452
14599
14964
15187
15247
15357
15554
15657
15728
15767
15771
15938
16037
16066
16118
16119
16182
16452
16465
16811
16919
16958
17105
17270
14215
14615
14886
14889
15136
15141
15251
15255
15379
15843
15970
16104
16285
16300
16356
16429
16696
16754
17008
17075
17298
17324
17333
14559
14707
15393
17043
14526
14718
14854
15288
15336
15367
15414
15534
15613
15650
15766
15810
16255
16277
16412
16636
17092
17159
17197
14265
14303
14428
14549
14641
15401
15557
15609
15620
15702
15722
15822
15965
16225
16581
16667
16744
17156
14242
14839
14956
15134
15491
15706
16346
16357
16369
16426
16948
17615
17970
18070
18117
14309
14498
14614
14664
14837
14916
15590
15840
16920
17206
14997
15197
15490
15673
16615
16822
14587
14720
15535
15602
16172
16472
17313
14740
15179
15411
16511
16657
16838
16888
17007
17024
14783
14788
14880
15343
16268
16448
16577
18129
15091
15782
17161
17316
14919
15155
15712
16892
17158
15642
16253
16793
16953
17139
18136
14683
14729
15231
16834
16980
14379
14500
17183
14827
15191
16538
16595
16622
14308
15439
15802
16234
15220
16693
14525
14606
15129
15256
14217
14935
17201
14534
15065
15821
15852
16992
14409
14451
16387
16927
14911
15658
16173
14674
16644
17370
17398
14798
16521
16846
17080
16250
16972
14862
16114
16895
14397
14747
16951
14540
16809
14762
15061
16295
16411
17173
15775
17042
17372
14709
15798
16961
15537
15906
15004
17187
14619
15739
15911
14654
16431
15254
18022
14459
16963
16102
16671
14413
14445
15139
15760
18009
14499
14764
14845
15093
17314
15219
15267
16916
17198
16673
17272
16609
17216
14393
16856
16742
17108
16231
16524
16166
16510
15127
14802
14928
16612
16977
16208
16979
15243
17559
16939
14678
17490
14692
14627
15686
14530
16341
16745
15998
16051
16358
14319
15559
15959
15473
15801
14813
15647
16445
17740
15811
16576
16111
16703
17228
16627
14971
17005
16645
14323
15176
14173
17547
16150
16296
15161
17551
17220
15451
14912
16249
15449
16180
16375
16264
16246
15036
15901
16000
16545
15416
14467
17343
14311
17037
14653
15765
15558
15699
17400
17094
16512
17061
16870
15034
14274
14617
16633
15967
14480
16923
15461
17399
16740
16616
14532
15827
15742
15904
17280
14722
15884
15621
14580
17211
16030
16746
15653
14800
17209
17971
15890
14632
15769
16789
16965
15405
17096
15982
17325
14934
14810
16441
16519
17127
14359
14885
17076
16841
14957
14501
15939
15853
14441
17011
16651
16237
17016
14901
16550
16801
15334
17537
15262
17009
14694
14973
16635
14583
14525
14912
16671
16636
15256
15393
16805
16291
16102
16180
15317
15891
16158
14599
14653
16111
16972
17043
16176
16581
14802
15343
15653
17220
16963
17211
16051
14880
14459
14740
17267
16350
15722
17551
15093
15852
15449
17092
16250
14798
14788
15609
16644
17295
15810
15640
17343
15179
16119
14549
14707
17139
14428
14559
17042
14606
16268
16916
15065
14265
17398
15620
16536
16448
15187
15414
15766
16225
17372
14783
16811
16838
17168
15705
18129
15771
15613
16495
15554
15657
14964
17105
16101
17559
14303
17314
16888
16150
15557
15822
15127
16139
14718
16037
16253
17198
16521
14526
14452
17156
15288
17375
17228
15336
15367
16678
14641
15642
16512
16744
15728
17080
16992
17883
16958
16657
15767
